0.059930 128
1.121608 1
0.122032 1
0.240059 1
0.103920 1
0.240364 1
4.340241 1
0.286618 1
0.174350 1
0.144832 1
0.609198 2
0.003430 3
0.233454 22
0.001379 22
0.001223 22
0.001169 22
0.001197 22
0.001140 22
0.001218 22
0.001095 22
0.001265 22
0.001152 23
0.001383 23
0.001156 23
0.001412 23
0.002218 23
0.001378 23
0.001187 23
0.001174 23
0.001204 23
0.001163 23
0.001102 23
0.001267 23
0.001149 23
0.001219 23
0.001374 23
0.001744 23
0.001336 23
0.002350 23
0.002673 23
0.001273 23
0.001225 23
0.001222 23
0.001211 23
0.001128 25
20.657306 128
7.981240 1
0.247134 1
0.406788 1
0.379398 1
0.704586 2
0.000080 6
